   11.3199997         0.00000000    
   11.3314285         0.00000000    
   11.3428574         0.00000000    
   11.3542862         0.00000000    
   11.3657141         0.00000000    
   11.3771429         0.00000000    
   11.3885717         0.00000000    
   11.3999996         0.00000000    
   11.4114285         0.00000000    
   11.4228573         98.3471069    
   11.4342861         1.65289259    
   11.4457140         0.00000000    
   11.4571428         0.00000000    
   11.4685717         0.00000000    
   11.4799995         0.00000000    
   11.4914284         0.00000000    
   11.5028572         0.00000000    
   11.5142860         0.00000000    
   11.5257149         0.00000000    
   11.5371428         0.00000000    
