   16.7502041         0.00000000    
   16.7671146         0.00000000    
   16.7840252         0.00000000    
   16.8009377         0.00000000    
   16.8178482         0.00000000    
   16.8347588         0.00000000    
   16.8516693         0.00000000    
   16.8685799         0.00000000    
   16.8854904         0.00000000    
   16.9024010         97.6429977    
   16.9193115         2.35699916    
   16.9362240         0.00000000    
   16.9531345         0.00000000    
   16.9700451         0.00000000    
   16.9869556         0.00000000    
   17.0038662         0.00000000    
   17.0207787         0.00000000    
   17.0376892         0.00000000    
   17.0545998         0.00000000    
   17.0715103         0.00000000    
