  -1.2000000000000000E-005     1.8443565815687180E-002
  -1.1920000000000001E-005     2.1970730274915695E-002
  -1.1840000000000000E-005     2.6136767119169235E-002
  -1.1760000000000001E-005     3.1050343066453934E-002
  -1.1680000000000000E-005     3.6837264895439148E-002
  -1.1600000000000001E-005     4.3642949312925339E-002
  -1.1520000000000000E-005     5.1635202020406723E-002
  -1.1440000000000001E-005     6.1007332056760788E-002
  -1.1360000000000000E-005     7.1981646120548248E-002
  -1.1280000000000000E-005     8.4813378751277924E-002
  -1.1200000000000001E-005     9.9795058369636536E-002
  -1.1120000000000000E-005    0.11726137250661850     
  -1.1039999999999999E-005    0.13759459555149078     
  -1.0960000000000000E-005    0.16123059391975403     
  -1.0880000000000001E-005    0.18866540491580963     
  -1.0800000000000000E-005    0.22046265006065369     
  -1.0720000000000001E-005    0.25726148486137390     
  -1.0640000000000000E-005    0.29978546500205994     
  -1.0560000000000001E-005    0.34885224699974060     
  -1.0480000000000000E-005    0.40538400411605835     
  -1.0400000000000000E-005    0.47041901946067810     
  -1.0319999999999999E-005    0.54512393474578857     
  -1.0240000000000000E-005    0.63080728054046631     
  -1.0160000000000001E-005    0.72893393039703369     
  -1.0080000000000000E-005    0.84114038944244385     
  -1.0000000000000001E-005    0.96925157308578491     
  -9.9199999999999999E-006     1.1152985095977783     
  -9.8400000000000007E-006     1.2815365791320801     
  -9.7599999999999997E-006     1.4704660177230835     
  -9.6800000000000005E-006     1.6848521232604980     
  -9.5999999999999996E-006     1.9277470111846924     
  -9.5200000000000003E-006     2.2025125026702881     
  -9.4400000000000011E-006     2.5128431320190430     
  -9.3600000000000002E-006     2.8627910614013672     
  -9.2799999999999992E-006     3.2567892074584961     
  -9.2000000000000000E-006     3.6996769905090332     
  -9.1200000000000008E-006     4.1967258453369141     
  -9.0399999999999998E-006     4.7536621093750000     
  -8.9600000000000006E-006     5.3766932487487793     
  -8.8799999999999997E-006     6.0725307464599609     
  -8.8000000000000004E-006     6.8484110832214355     
  -8.7200000000000012E-006     7.7121191024780273     
  -8.6400000000000003E-006     8.6720037460327148     
  -8.5599999999999994E-006     9.7369966506958008     
  -8.4800000000000001E-006     10.916623115539551     
  -8.4000000000000009E-006     12.221012115478516     
  -8.3200000000000000E-006     13.660902976989746     
  -8.2400000000000007E-006     15.247639656066895     
  -8.1599999999999998E-006     16.993171691894531     
  -8.0800000000000006E-006     18.910036087036133     
  -8.0000000000000013E-006     21.011343002319336     
  -7.9200000000000004E-006     23.310737609863281     
  -7.8399999999999995E-006     25.822378158569336     
  -7.7600000000000002E-006     28.560876846313477     
  -7.6800000000000010E-006     31.541246414184570     
  -7.6000000000000001E-006     34.778835296630859     
  -7.5200000000000000E-006     38.289241790771484     
  -7.4399999999999999E-006     42.088226318359375     
  -7.3599999999999998E-006     46.191600799560547     
  -7.2800000000000006E-006     50.615104675292969     
  -7.2000000000000005E-006     55.374286651611328     
  -7.1200000000000004E-006     60.484333038330078     
  -7.0400000000000004E-006     65.959915161132812     
  -6.9600000000000003E-006     71.815010070800781     
  -6.8800000000000002E-006     78.062705993652344     
  -6.8000000000000001E-006     84.714988708496094     
  -6.7200000000000000E-006     91.782524108886719     
  -6.6400000000000000E-006     99.274429321289062     
  -6.5599999999999999E-006     107.19799804687500     
  -6.4799999999999998E-006     115.55847167968750     
  -6.4000000000000006E-006     124.35875701904297     
  -6.3200000000000005E-006     133.59915161132812     
  -6.2400000000000004E-006     143.27703857421875     
  -6.1600000000000003E-006     153.38667297363281     
  -6.0800000000000002E-006     163.91882324218750     
  -6.0000000000000002E-006     174.86048889160156     
  -5.9200000000000001E-006     186.19468688964844     
  -5.8400000000000000E-006     197.90014648437500     
  -5.7599999999999999E-006     209.95104980468750     
  -5.6799999999999998E-006     222.31675720214844     
  -5.6000000000000006E-006     234.96173095703125     
  -5.5200000000000005E-006     247.84515380859375     
  -5.4400000000000004E-006     260.92092895507812     
  -5.3600000000000004E-006     274.13745117187500     
  -5.2800000000000003E-006     287.43762207031250     
  -5.2000000000000002E-006     300.75869750976562     
  -5.1200000000000001E-006     314.03231811523438     
  -5.0400000000000000E-006     327.18466186523438     
  -4.9599999999999999E-006     340.13644409179688     
  -4.8799999999999999E-006     352.80313110351562     
  -4.7999999999999998E-006     365.09521484375000     
  -4.7200000000000005E-006     376.91839599609375     
  -4.6400000000000005E-006     388.17410278320312     
  -4.5600000000000004E-006     398.75985717773438     
  -4.4800000000000003E-006     408.56970214843750     
  -4.4000000000000002E-006     417.49490356445312     
  -4.3199999999999993E-006     425.42459106445312     
  -4.2400000000000001E-006     432.24630737304688     
  -4.1600000000000008E-006     437.84701538085938     
  -4.0799999999999999E-006     442.11370849609375     
  -4.0000000000000007E-006     444.93450927734375     
  -3.9199999999999997E-006     446.19949340820312     
  -3.8400000000000005E-006     445.80163574218750     
  -3.7599999999999996E-006     443.63803100585938     
  -3.6800000000000003E-006     439.61071777343750     
  -3.5999999999999994E-006     433.62789916992188     
  -3.5200000000000002E-006     425.60501098632812     
  -3.4400000000000009E-006     415.46582031250000     
  -3.3600000000000000E-006     403.14334106445312     
  -3.2800000000000008E-006     388.58117675781250     
  -3.1999999999999999E-006     371.73425292968750     
  -3.1200000000000006E-006     352.56994628906250     
  -3.0399999999999997E-006     331.06890869140625     
  -2.9600000000000005E-006     307.22601318359375     
  -2.8799999999999995E-006     281.05093383789062     
  -2.8000000000000003E-006     252.56889343261719     
  -2.7199999999999994E-006     221.82119750976562     
  -2.6400000000000001E-006     188.86563110351562     
  -2.5600000000000009E-006     153.77676391601562     
  -2.4800000000000000E-006     116.64604949951172     
  -2.4000000000000007E-006     77.581909179687500     
  -2.3199999999999998E-006     36.709491729736328     
  -2.2400000000000006E-006    -5.8295588493347168     
  -2.1599999999999996E-006    -49.877616882324219     
  -2.0800000000000004E-006    -95.261688232421875     
  -1.9999999999999995E-006    -141.79420471191406     
  -1.9200000000000003E-006    -189.27395629882812     
  -1.8399999999999993E-006    -237.48721313476562     
  -1.7600000000000001E-006    -286.20898437500000     
  -1.6800000000000009E-006    -335.20437622070312     
  -1.5999999999999999E-006    -384.23013305664062     
  -1.5200000000000007E-006    -433.03622436523438     
  -1.4399999999999998E-006    -481.36770629882812     
  -1.3600000000000005E-006    -528.96643066406250     
  -1.2799999999999996E-006    -575.57299804687500     
  -1.2000000000000004E-006    -620.92864990234375     
  -1.1199999999999994E-006    -664.77746582031250     
  -1.0400000000000002E-006    -706.86804199218750     
  -9.5999999999999928E-007    -746.95587158203125     
  -8.8000000000000004E-007    -784.80499267578125     
  -8.0000000000000081E-007    -820.19012451171875     
  -7.1999999999999988E-007    -852.89855957031250     
  -6.4000000000000065E-007    -882.73187255859375     
  -5.5999999999999972E-007    -909.50744628906250     
  -4.8000000000000049E-007    -933.06042480468750     
  -3.9999999999999956E-007    -953.24475097656250     
  -3.2000000000000032E-007    -969.93475341796875     
  -2.3999999999999940E-007    -983.02587890625000     
  -1.6000000000000016E-007    -992.43609619140625     
  -7.9999999999999234E-008    -998.10601806640625     
   0.0000000000000000         -1000.0000000000000     
   7.9999999999999234E-008    -998.10601806640625     
   1.6000000000000016E-007    -992.43609619140625     
   2.3999999999999940E-007    -983.02587890625000     
   3.2000000000000032E-007    -969.93475341796875     
   3.9999999999999956E-007    -953.24475097656250     
   4.8000000000000049E-007    -933.06042480468750     
   5.5999999999999972E-007    -909.50744628906250     
   6.4000000000000065E-007    -882.73187255859375     
   7.1999999999999988E-007    -852.89855957031250     
   7.9999999999999912E-007    -820.19012451171875     
   8.8000000000000004E-007    -784.80499267578125     
   9.5999999999999928E-007    -746.95587158203125     
   1.0400000000000002E-006    -706.86804199218750     
   1.1199999999999994E-006    -664.77746582031250     
   1.2000000000000004E-006    -620.92864990234375     
   1.2799999999999996E-006    -575.57299804687500     
   1.3600000000000005E-006    -528.96643066406250     
   1.4399999999999998E-006    -481.36770629882812     
   1.5200000000000007E-006    -433.03622436523438     
   1.5999999999999999E-006    -384.23013305664062     
   1.6799999999999992E-006    -335.20437622070312     
   1.7600000000000001E-006    -286.20898437500000     
   1.8399999999999993E-006    -237.48721313476562     
   1.9200000000000003E-006    -189.27395629882812     
   1.9999999999999995E-006    -141.79420471191406     
   2.0800000000000004E-006    -95.261688232421875     
   2.1599999999999996E-006    -49.877616882324219     
   2.2400000000000006E-006    -5.8295588493347168     
   2.3199999999999998E-006     36.709491729736328     
   2.4000000000000007E-006     77.581909179687500     
   2.4800000000000000E-006     116.64604949951172     
   2.5599999999999992E-006     153.77676391601562     
   2.6400000000000001E-006     188.86563110351562     
   2.7199999999999994E-006     221.82119750976562     
   2.8000000000000003E-006     252.56889343261719     
   2.8799999999999995E-006     281.05093383789062     
   2.9600000000000005E-006     307.22601318359375     
   3.0399999999999997E-006     331.06890869140625     
   3.1200000000000006E-006     352.56994628906250     
   3.1999999999999999E-006     371.73425292968750     
   3.2799999999999991E-006     388.58117675781250     
   3.3600000000000017E-006     403.14334106445312     
   3.4400000000000009E-006     415.46582031250000     
   3.5200000000000002E-006     425.60501098632812     
   3.5999999999999994E-006     433.62789916992188     
   3.6799999999999986E-006     439.61071777343750     
   3.7600000000000013E-006     443.63803100585938     
   3.8400000000000005E-006     445.80163574218750     
   3.9199999999999997E-006     446.19949340820312     
   3.9999999999999990E-006     444.93450927734375     
   4.0800000000000016E-006     442.11370849609375     
   4.1600000000000008E-006     437.84701538085938     
   4.2400000000000001E-006     432.24630737304688     
   4.3199999999999993E-006     425.42459106445312     
   4.3999999999999985E-006     417.49490356445312     
   4.4800000000000012E-006     408.56970214843750     
   4.5600000000000004E-006     398.75985717773438     
   4.6399999999999996E-006     388.17410278320312     
   4.7199999999999989E-006     376.91839599609375     
   4.8000000000000015E-006     365.09521484375000     
   4.8800000000000007E-006     352.80313110351562     
   4.9599999999999999E-006     340.13644409179688     
   5.0399999999999992E-006     327.18466186523438     
   5.1199999999999984E-006     314.03231811523438     
   5.2000000000000010E-006     300.75869750976562     
   5.2800000000000003E-006     287.43762207031250     
   5.3599999999999995E-006     274.13745117187500     
   5.4399999999999987E-006     260.92092895507812     
   5.5200000000000014E-006     247.84515380859375     
   5.6000000000000006E-006     234.96173095703125     
   5.6799999999999998E-006     222.31675720214844     
   5.7599999999999991E-006     209.95104980468750     
   5.8400000000000017E-006     197.90014648437500     
   5.9200000000000009E-006     186.19468688964844     
   6.0000000000000002E-006     174.86048889160156     
   6.0799999999999994E-006     163.91882324218750     
   6.1599999999999986E-006     153.38667297363281     
   6.2400000000000012E-006     143.27703857421875     
   6.3200000000000005E-006     133.59915161132812     
   6.3999999999999997E-006     124.35875701904297     
   6.4799999999999989E-006     115.55847167968750     
   6.5600000000000016E-006     107.19799804687500     
   6.6400000000000008E-006     99.274429321289062     
   6.7200000000000000E-006     91.782524108886719     
   6.7999999999999993E-006     84.714988708496094     
   6.8799999999999985E-006     78.062705993652344     
   6.9600000000000011E-006     71.815010070800781     
   7.0400000000000004E-006     65.959915161132812     
   7.1199999999999996E-006     60.484333038330078     
   7.1999999999999988E-006     55.374286651611328     
   7.2800000000000014E-006     50.615104675292969     
   7.3600000000000007E-006     46.191600799560547     
   7.4399999999999999E-006     42.088226318359375     
   7.5199999999999992E-006     38.289241790771484     
   7.6000000000000018E-006     34.778835296630859     
   7.6800000000000010E-006     31.541246414184570     
   7.7600000000000002E-006     28.560876846313477     
   7.8399999999999995E-006     25.822378158569336     
   7.9199999999999987E-006     23.310737609863281     
   8.0000000000000013E-006     21.011343002319336     
   8.0800000000000006E-006     18.910036087036133     
   8.1599999999999998E-006     16.993171691894531     
   8.2399999999999990E-006     15.247639656066895     
   8.3200000000000017E-006     13.660902976989746     
   8.4000000000000009E-006     12.221012115478516     
   8.4800000000000001E-006     10.916623115539551     
   8.5599999999999994E-006     9.7369966506958008     
   8.6399999999999986E-006     8.6720037460327148     
   8.7200000000000012E-006     7.7121191024780273     
   8.8000000000000004E-006     6.8484110832214355     
   8.8799999999999997E-006     6.0725307464599609     
   8.9599999999999989E-006     5.3766932487487793     
   9.0400000000000015E-006     4.7536621093750000     
   9.1200000000000008E-006     4.1967258453369141     
   9.2000000000000000E-006     3.6996769905090332     
   9.2799999999999992E-006     3.2567892074584961     
   9.3599999999999985E-006     2.8627910614013672     
   9.4400000000000011E-006     2.5128431320190430     
   9.5200000000000003E-006     2.2025125026702881     
   9.5999999999999996E-006     1.9277470111846924     
   9.6799999999999988E-006     1.6848521232604980     
   9.7600000000000014E-006     1.4704660177230835     
   9.8400000000000007E-006     1.2815365791320801     
   9.9199999999999999E-006     1.1152985095977783     
   9.9999999999999991E-006    0.96925157308578491     
   1.0080000000000002E-005    0.84114038944244385     
   1.0160000000000001E-005    0.72893393039703369     
   1.0240000000000000E-005    0.63080728054046631     
   1.0319999999999999E-005    0.54512393474578857     
   1.0399999999999999E-005    0.47041901946067810     
   1.0480000000000001E-005    0.40538400411605835     
   1.0560000000000001E-005    0.34885224699974060     
   1.0640000000000000E-005    0.29978546500205994     
   1.0719999999999999E-005    0.25726148486137390     
   1.0800000000000002E-005    0.22046265006065369     
   1.0880000000000001E-005    0.18866540491580963     
   1.0960000000000000E-005    0.16123059391975403     
   1.1039999999999999E-005    0.13759459555149078     
   1.1119999999999999E-005    0.11726137250661850     
   1.1200000000000001E-005     9.9795058369636536E-002
   1.1280000000000000E-005     8.4813378751277924E-002
   1.1360000000000000E-005     7.1981646120548248E-002
   1.1439999999999999E-005     6.1007332056760788E-002
   1.1520000000000002E-005     5.1635202020406723E-002
   1.1600000000000001E-005     4.3642949312925339E-002
   1.1680000000000000E-005     3.6837264895439148E-002
   1.1759999999999999E-005     3.1050343066453934E-002
   1.1840000000000002E-005     2.6136767119169235E-002
   1.1920000000000001E-005     2.1970730274915695E-002
   1.2000000000000000E-005     1.8443565815687180E-002
   1.2080000000000000E-005     1.5461573377251625E-002
   1.2159999999999999E-005     1.2944091111421585E-002
   1.2240000000000001E-005     1.0821789503097534E-002
   1.2320000000000001E-005     9.0351812541484833E-003
   1.2400000000000000E-005     7.5333039276301861E-003
   1.2479999999999999E-005     6.2725702300667763E-003
   1.2560000000000002E-005     5.2157593891024590E-003
   1.2640000000000001E-005     4.3311389163136482E-003
   1.2720000000000000E-005     3.5916971974074841E-003
   1.2799999999999999E-005     2.9744789935648441E-003
   1.2879999999999999E-005     2.4600063916295767E-003
   1.2960000000000001E-005     2.0317775197327137E-003
   1.3040000000000001E-005     1.6758346464484930E-003
   1.3120000000000000E-005     1.3803899055346847E-003
   1.3199999999999999E-005     1.1355034075677395E-003
   1.3280000000000002E-005     9.3280657893046737E-004
   1.3360000000000001E-005     7.6526484917849302E-004
   1.3440000000000000E-005     6.2697374960407615E-004
   1.3519999999999999E-005     5.1298516336828470E-004
   1.3599999999999999E-005     4.1915877955034375E-004
   1.3680000000000001E-005     3.4203534596599638E-004
   1.3760000000000000E-005     2.7872927603311837E-004
   1.3840000000000000E-005     2.2683688439428806E-004
   1.3919999999999999E-005     1.8435914535075426E-004
   1.4000000000000001E-005     1.4963597641326487E-004
   1.4080000000000001E-005     1.2129084643675014E-004
   1.4160000000000000E-005     9.8184085800312459E-005
   1.4239999999999999E-005     7.9373516200575978E-005
   1.4320000000000002E-005     6.4081388700287789E-005
   1.4400000000000001E-005     5.1666662329807878E-005
   1.4480000000000000E-005     4.1601724660722539E-005
   1.4560000000000000E-005     3.3453005016781390E-005
   1.4639999999999999E-005     2.6864705432672054E-005
   1.4720000000000001E-005     2.1545300114667043E-005
   1.4800000000000001E-005     1.7256266801268794E-005
   1.4880000000000000E-005     1.3802738976664841E-005
   1.4959999999999999E-005     1.1025750609405804E-005
   1.5040000000000002E-005     8.7958087533479556E-006
   1.5120000000000001E-005     7.0075866460683756E-006
   1.5200000000000000E-005     5.5755349421815481E-006
   1.5279999999999999E-005     4.4302705646259710E-006
   1.5359999999999999E-005     3.5156035664840601E-006
   1.5440000000000001E-005     2.7860940008395119E-006
   1.5520000000000000E-005     2.2050483039492974E-006
   1.5600000000000000E-005     1.7428789078621776E-006
   1.5679999999999999E-005     1.3757621672993992E-006
   1.5760000000000002E-005     1.0845431006600847E-006
   1.5840000000000001E-005     8.5384255044118618E-007
   1.5920000000000000E-005     6.7133083803128102E-007
   1.5999999999999999E-005     5.2713693321493338E-007
   1.6080000000000002E-005     4.1336966205562931E-007
   1.6160000000000001E-005     3.2372952318837633E-007
   1.6240000000000000E-005     2.5319479846075410E-007
   1.6320000000000000E-005     1.9776813076077815E-007
   1.6399999999999999E-005     1.5427198718498403E-007
   1.6480000000000001E-005     1.2018418260595354E-007
   1.6560000000000001E-005     9.3505519771497347E-008
   1.6640000000000000E-005     7.2653591587368282E-008
   1.6719999999999999E-005     5.6377665202944627E-008
   1.6800000000000002E-005     4.3690544515584406E-008
   1.6880000000000001E-005     3.3814139044352487E-008
   1.6960000000000000E-005     2.6136055097936151E-008
   1.7039999999999999E-005     2.0174960368990469E-008
   1.7119999999999999E-005     1.5553084153907548E-008
   1.7200000000000001E-005     1.1974344182874574E-008
   1.7280000000000001E-005     9.2070076007644275E-009
   1.7360000000000000E-005     7.0699610610347463E-009
   1.7439999999999999E-005     5.4218500800118363E-009
   1.7520000000000002E-005     4.1525045624268841E-009
   1.7600000000000001E-005     3.1761795415974348E-009
   1.7680000000000000E-005     2.4262329922919434E-009
   1.7759999999999999E-005     1.8509410670830562E-009
   1.7840000000000002E-005     1.4102157219753053E-009
   1.7920000000000001E-005     1.0730292210325842E-009
   1.8000000000000000E-005     8.1540008078917481E-010
   1.8080000000000000E-005     6.1881855195622393E-010
   1.8159999999999999E-005     4.6901788008923972E-010
   1.8240000000000002E-005     3.5501704354068409E-010
   1.8320000000000001E-005     2.6837548849911741E-010
   1.8400000000000000E-005     2.0261450850433960E-010
   1.8479999999999999E-005     1.5276799270047547E-010
   1.8559999999999998E-005     1.1503462071793535E-010
   1.8639999999999998E-005     8.6508591956580005E-011
   1.8720000000000004E-005     6.4971743263253501E-011
   1.8800000000000003E-005     4.8733166807535255E-011
   1.8880000000000002E-005     3.6505611034076679E-011
   1.8960000000000001E-005     2.7310504552291448E-011
   1.9040000000000001E-005     2.0404926012740354E-011
   1.9120000000000000E-005     1.5225645397243248E-011
   1.9199999999999999E-005     1.1346237317744201E-011
   1.9279999999999998E-005     8.4442999467859714E-012
   1.9359999999999998E-005     6.2764090799638517E-012
   1.9440000000000004E-005     4.6590214325403778E-012
   1.9520000000000003E-005     3.4539357051527331E-012
   1.9600000000000002E-005     2.5572306858873128E-012
   1.9680000000000001E-005     1.8908709233794729E-012
   1.9760000000000001E-005     1.3963371474703945E-012
   1.9840000000000000E-005     1.0298055810875617E-012
   1.9919999999999999E-005     7.5850225622967060E-013
   1.9999999999999998E-005     5.5795000781025395E-013
   2.0079999999999997E-005     4.0989309385910944E-013
   2.0160000000000003E-005     3.0073431809066187E-013
   2.0240000000000003E-005     2.2035986316920608E-013
   2.0320000000000002E-005     1.6125725158400855E-013
   2.0400000000000001E-005     1.1785375193112957E-013
   2.0480000000000000E-005     8.6021122137295430E-014
   2.0560000000000000E-005     6.2705313760413189E-014
   2.0639999999999999E-005     4.5650061421959043E-014
   2.0719999999999998E-005     3.3190681106298747E-014
   2.0799999999999997E-005     2.4100658941412709E-014
   2.0880000000000003E-005     1.7477516897385255E-014
   2.0960000000000003E-005     1.2658103562448574E-014
   2.1040000000000002E-005     9.1557908851085459E-015
   2.1120000000000001E-005     6.6139576657803754E-015
   2.1200000000000000E-005     4.7716152657231205E-015
   2.1280000000000000E-005     3.4380165238963225E-015
   2.1359999999999999E-005     2.4739401404739493E-015
   2.1439999999999998E-005     1.7779075449684363E-015
   2.1519999999999997E-005     1.2760507939947488E-015
   2.1600000000000003E-005     9.1467276325729249E-016
   2.1680000000000002E-005     6.5479077306193796E-016
   2.1760000000000002E-005     4.6814293384883502E-016
   2.1840000000000001E-005     3.3426712660402670E-016
   2.1920000000000000E-005     2.3836812095870375E-016
   2.1999999999999999E-005     1.6976262122139269E-016
   2.2079999999999999E-005     1.2074675685769726E-016
   2.2159999999999998E-005     8.5772574559665082E-017
   2.2239999999999997E-005     6.0850072689695587E-017
   2.2320000000000003E-005     4.3113527028990658E-017
   2.2400000000000002E-005     3.0507443386192776E-017
   2.2480000000000002E-005     2.1559466740737153E-017
   2.2560000000000001E-005     1.5216341401215117E-017
   2.2640000000000000E-005     1.0725623350598420E-017
   2.2719999999999999E-005     7.5504880877717856E-018
   2.2799999999999999E-005     5.3084510198034501E-018
   2.2879999999999998E-005     3.7273560766833603E-018
   2.2960000000000004E-005     2.6138123603045281E-018
   2.3040000000000003E-005     1.8305788197206770E-018
   2.3120000000000002E-005     1.2803921463877956E-018
   2.3200000000000001E-005     8.9441333575345492E-019
   2.3280000000000001E-005     6.2398509094666011E-019
   2.3360000000000000E-005     4.3476142536813745E-019
   2.3439999999999999E-005     3.0253014210300041E-019
   2.3519999999999998E-005     2.1024574998821894E-019
   2.3599999999999998E-005     1.4592404338442773E-019
   2.3680000000000004E-005     1.0115039180111184E-019
   2.3760000000000003E-005     7.0024406069005428E-020
   2.3840000000000002E-005     4.8414176856738333E-020
   2.3920000000000001E-005     3.3430045629584588E-020
   2.4000000000000001E-005     2.3053812861949848E-020
   2.4080000000000000E-005     1.5877788403505052E-020
   2.4159999999999999E-005     1.0921410222586108E-020
   2.4239999999999998E-005     7.5025523896629694E-021
   2.4319999999999998E-005     5.1473183658219628E-021
   2.4400000000000004E-005     3.5269123394057124E-021
   2.4480000000000003E-005     2.4135157238510081E-021
   2.4560000000000002E-005     1.6494813441681327E-021
   2.4640000000000001E-005     1.1258657170540876E-021
   2.4720000000000000E-005     7.6748118434593746E-022
   2.4800000000000000E-005     5.2250556729176704E-022
   2.4879999999999999E-005     3.5526806512687122E-022
   2.4959999999999998E-005     2.4124790217820284E-022
   2.5039999999999997E-005     1.6361125373400139E-022
   2.5120000000000003E-005     1.1081665561055103E-022
   2.5200000000000003E-005     7.4961671601694933E-023
   2.5280000000000002E-005     5.0642585574007438E-023
   2.5360000000000001E-005     3.4169207187060521E-023
   2.5440000000000000E-005     2.3024830339483969E-023
   2.5520000000000000E-005     1.5495318659939508E-023
   2.5599999999999999E-005     1.0414711275822420E-023
   2.5679999999999998E-005     6.9909563395500765E-024
   2.5759999999999997E-005     4.6867169067962050E-024
   2.5840000000000003E-005     3.1379324865099512E-024
   2.5920000000000003E-005     2.0982698225529283E-024
   2.6000000000000002E-005     1.4012702906307061E-024
   2.6080000000000001E-005     9.3459930897890709E-025
   2.6160000000000000E-005     6.2254683968746318E-025
   2.6239999999999999E-005     4.1415375017806795E-025
   2.6319999999999999E-005     2.7516570314185872E-025
   2.6399999999999998E-005     1.8258711969475520E-025
   2.6479999999999997E-005     1.2100105697294191E-025
   2.6560000000000003E-005     8.0085048164472322E-026
   2.6640000000000002E-005     5.2936720586033947E-026
   2.6720000000000002E-005     3.4946682931222641E-026
   2.6800000000000001E-005     2.3040839778517363E-026
   2.6880000000000000E-005     1.5171693403953245E-026
   2.6959999999999999E-005     9.9773070399172968E-027
   2.7039999999999999E-005     6.5529396579226378E-027
   2.7119999999999998E-005     4.2983578574314865E-027
   2.7200000000000004E-005     2.8158700086585063E-027
   2.7280000000000003E-005     1.8423253255013859E-027
   2.7360000000000002E-005     1.2038261043810605E-027
   2.7440000000000002E-005     7.8560632435624043E-028
   2.7520000000000001E-005     5.1202364241365870E-028
   2.7600000000000000E-005     3.3328740096118531E-028
   2.7679999999999999E-005     2.1666646874220780E-028
   2.7759999999999998E-005     1.4067225832810128E-028
   2.7839999999999998E-005     9.1215623192169835E-029
   2.7920000000000004E-005     5.9070955659216513E-029
   2.8000000000000003E-005     3.8205235039465223E-029
   2.8080000000000002E-005     2.4678336676643334E-029
   2.8160000000000001E-005     1.5920365856802356E-029
   2.8240000000000001E-005     1.0257331355670746E-029
   2.8320000000000000E-005     6.6002439219009706E-030
   2.8399999999999999E-005     4.2416019056766099E-030
   2.8479999999999998E-005     2.7223510650354482E-030
   2.8559999999999998E-005     1.7450292631177233E-030
   2.8640000000000004E-005     1.1171351940440758E-030
   2.8720000000000003E-005     7.1425481784211899E-031
   2.8800000000000002E-005     4.5608428495520229E-031
   2.8880000000000001E-005     2.9085837416605166E-031
   2.8960000000000001E-005     1.8525186764862928E-031
   2.9040000000000000E-005     1.1783877126174015E-031
   2.9119999999999999E-005     7.4861492913967725E-032
   2.9199999999999998E-005     4.7497791749389261E-032
   2.9279999999999997E-005     3.0097683558136203E-032
   2.9360000000000003E-005     1.9047478300590059E-032
   2.9440000000000003E-005     1.2038896658291476E-032
   2.9520000000000002E-005     7.5994247759562052E-033
   2.9600000000000001E-005     4.7909274281578572E-033
   2.9680000000000000E-005     3.0165003384923826E-033
   2.9760000000000000E-005     1.8968460100959847E-033
   2.9839999999999999E-005     1.1912578219023105E-033
   2.9919999999999998E-005     7.4717860177595711E-034
   2.9999999999999997E-005     4.6804557547645248E-034
   3.0080000000000003E-005     2.9281743358200690E-034
   3.0160000000000003E-005     1.8295775193507138E-034
   3.0240000000000002E-005     1.1416942964613388E-034
   3.0320000000000001E-005     7.1153132232753853E-035
   3.0400000000000000E-005     4.4287731159094870E-035
   3.0480000000000000E-005     2.7530752113182884E-035
   3.0559999999999999E-005     1.7092200130833067E-035
   3.0639999999999998E-005     1.0597981991004158E-035
   3.0719999999999997E-005     6.5628687605310753E-036
   3.0800000000000003E-005     4.0589118970770569E-036
   3.0880000000000002E-005     2.5070957720141060E-036
   3.0960000000000002E-005     1.5465987209374751E-036
   3.1040000000000001E-005     9.5286161116266701E-037
   3.1120000000000000E-005     5.8631031759698823E-037
   3.1199999999999999E-005     3.6030535878816392E-037
   3.1279999999999999E-005     2.2113601837506902E-037
   3.1359999999999998E-005     1.3554821702546386E-037
   3.1440000000000004E-005     8.2980063380210675E-038
   3.1520000000000003E-005     5.0734027716461574E-038
   3.1600000000000002E-005     3.0979228220836323E-038
   3.1680000000000002E-005     1.8892417999904330E-038
   3.1760000000000001E-005     0.0000000000000000     
   3.1840000000000000E-005     0.0000000000000000     
   3.1919999999999999E-005     0.0000000000000000     
   3.1999999999999999E-005     0.0000000000000000     
   3.2079999999999998E-005     0.0000000000000000     
   3.2160000000000004E-005     0.0000000000000000     
   3.2240000000000003E-005     0.0000000000000000     
   3.2320000000000002E-005     0.0000000000000000     
   3.2400000000000001E-005     0.0000000000000000     
   3.2480000000000001E-005     0.0000000000000000     
   3.2560000000000000E-005     0.0000000000000000     
   3.2639999999999999E-005     0.0000000000000000     
   3.2719999999999998E-005     0.0000000000000000     
   3.2799999999999998E-005     0.0000000000000000     
   3.2880000000000004E-005     0.0000000000000000     
   3.2960000000000003E-005     0.0000000000000000     
   3.3040000000000002E-005     0.0000000000000000     
   3.3120000000000001E-005     0.0000000000000000     
   3.3200000000000001E-005     0.0000000000000000     
   3.3280000000000000E-005     0.0000000000000000     
   3.3359999999999999E-005     0.0000000000000000     
   3.3439999999999998E-005     0.0000000000000000     
   3.3519999999999998E-005     0.0000000000000000     
   3.3600000000000004E-005     0.0000000000000000     
   3.3680000000000003E-005     0.0000000000000000     
   3.3760000000000002E-005     0.0000000000000000     
   3.3840000000000001E-005     0.0000000000000000     
   3.3920000000000000E-005     0.0000000000000000     
   3.4000000000000000E-005     0.0000000000000000     
   3.4079999999999999E-005     0.0000000000000000     
   3.4159999999999998E-005     0.0000000000000000     
   3.4239999999999997E-005     0.0000000000000000     
   3.4320000000000003E-005     0.0000000000000000     
   3.4400000000000003E-005     0.0000000000000000     
   3.4480000000000002E-005     0.0000000000000000     
   3.4560000000000001E-005     0.0000000000000000     
   3.4640000000000000E-005     0.0000000000000000     
   3.4720000000000000E-005     0.0000000000000000     
   3.4799999999999999E-005     0.0000000000000000     
   3.4879999999999998E-005     0.0000000000000000     
   3.4959999999999997E-005     0.0000000000000000     
   3.5040000000000003E-005     0.0000000000000000     
   3.5120000000000003E-005     0.0000000000000000     
   3.5200000000000002E-005     0.0000000000000000     
   3.5280000000000001E-005     0.0000000000000000     
   3.5360000000000000E-005     0.0000000000000000     
   3.5439999999999999E-005     0.0000000000000000     
   3.5519999999999999E-005     0.0000000000000000     
   3.5599999999999998E-005     0.0000000000000000     
   3.5680000000000004E-005     0.0000000000000000     
   3.5760000000000003E-005     0.0000000000000000     
   3.5840000000000002E-005     0.0000000000000000     
   3.5920000000000002E-005     0.0000000000000000     
   3.6000000000000001E-005     0.0000000000000000     
   3.6080000000000000E-005     0.0000000000000000     
   3.6159999999999999E-005     0.0000000000000000     
   3.6239999999999999E-005     0.0000000000000000     
   3.6319999999999998E-005     0.0000000000000000     
   3.6400000000000004E-005     0.0000000000000000     
   3.6480000000000003E-005     0.0000000000000000     
   3.6560000000000002E-005     0.0000000000000000     
   3.6640000000000002E-005     0.0000000000000000     
   3.6720000000000001E-005     0.0000000000000000     
   3.6800000000000000E-005     0.0000000000000000     
   3.6879999999999999E-005     0.0000000000000000     
   3.6959999999999998E-005     0.0000000000000000     
   3.7039999999999998E-005     0.0000000000000000     
   3.7120000000000004E-005     0.0000000000000000     
   3.7200000000000003E-005     0.0000000000000000     
   3.7280000000000002E-005     0.0000000000000000     
   3.7360000000000001E-005     0.0000000000000000     
   3.7440000000000001E-005     0.0000000000000000     
   3.7520000000000000E-005     0.0000000000000000     
   3.7599999999999999E-005     0.0000000000000000     
   3.7679999999999998E-005     0.0000000000000000     
   3.7759999999999998E-005     0.0000000000000000     
   3.7840000000000004E-005     0.0000000000000000     
   3.7920000000000003E-005     0.0000000000000000     
   3.8000000000000002E-005     0.0000000000000000     
   3.8080000000000001E-005     0.0000000000000000     
   3.8160000000000001E-005     0.0000000000000000     
   3.8240000000000000E-005     0.0000000000000000     
   3.8319999999999999E-005     0.0000000000000000     
   3.8399999999999998E-005     0.0000000000000000     
   3.8479999999999997E-005     0.0000000000000000     
   3.8560000000000004E-005     0.0000000000000000     
   3.8640000000000003E-005     0.0000000000000000     
   3.8720000000000002E-005     0.0000000000000000     
   3.8800000000000001E-005     0.0000000000000000     
   3.8880000000000000E-005     0.0000000000000000     
   3.8960000000000000E-005     0.0000000000000000     
   3.9039999999999999E-005     0.0000000000000000     
   3.9119999999999998E-005     0.0000000000000000     
   3.9199999999999997E-005     0.0000000000000000     
   3.9280000000000003E-005     0.0000000000000000     
   3.9360000000000003E-005     0.0000000000000000     
   3.9440000000000002E-005     0.0000000000000000     
   3.9520000000000001E-005     0.0000000000000000     
   3.9600000000000000E-005     0.0000000000000000     
   3.9680000000000000E-005     0.0000000000000000     
   3.9759999999999999E-005     0.0000000000000000     
   3.9839999999999998E-005     0.0000000000000000     
   3.9920000000000004E-005     0.0000000000000000     
   4.0000000000000003E-005     0.0000000000000000     
   4.0080000000000003E-005     0.0000000000000000     
   4.0160000000000002E-005     0.0000000000000000     
   4.0240000000000001E-005     0.0000000000000000     
   4.0320000000000000E-005     0.0000000000000000     
   4.0399999999999999E-005     0.0000000000000000     
   4.0479999999999999E-005     0.0000000000000000     
   4.0559999999999998E-005     0.0000000000000000     
   4.0640000000000004E-005     0.0000000000000000     
   4.0720000000000003E-005     0.0000000000000000     
   4.0800000000000002E-005     0.0000000000000000     
   4.0880000000000002E-005     0.0000000000000000     
   4.0960000000000001E-005     0.0000000000000000     
   4.1040000000000000E-005     0.0000000000000000     
   4.1119999999999999E-005     0.0000000000000000     
   4.1199999999999999E-005     0.0000000000000000     
   4.1279999999999998E-005     0.0000000000000000     
   4.1360000000000004E-005     0.0000000000000000     
   4.1440000000000003E-005     0.0000000000000000     
   4.1520000000000002E-005     0.0000000000000000     
   4.1600000000000002E-005     0.0000000000000000     
   4.1680000000000001E-005     0.0000000000000000     
   4.1760000000000000E-005     0.0000000000000000     
   4.1839999999999999E-005     0.0000000000000000     
   4.1919999999999998E-005     0.0000000000000000     
   4.1999999999999998E-005     0.0000000000000000     
   4.2080000000000004E-005     0.0000000000000000     
   4.2160000000000003E-005     0.0000000000000000     
   4.2240000000000002E-005     0.0000000000000000     
   4.2320000000000001E-005     0.0000000000000000     
   4.2400000000000001E-005     0.0000000000000000     
   4.2480000000000000E-005     0.0000000000000000     
   4.2559999999999999E-005     0.0000000000000000     
   4.2639999999999998E-005     0.0000000000000000     
   4.2719999999999998E-005     0.0000000000000000     
   4.2800000000000004E-005     0.0000000000000000     
   4.2880000000000003E-005     0.0000000000000000     
   4.2960000000000002E-005     0.0000000000000000     
   4.3040000000000001E-005     0.0000000000000000     
   4.3120000000000001E-005     0.0000000000000000     
   4.3200000000000000E-005     0.0000000000000000     
   4.3279999999999999E-005     0.0000000000000000     
   4.3359999999999998E-005     0.0000000000000000     
   4.3440000000000004E-005     0.0000000000000000     
   4.3520000000000003E-005     0.0000000000000000     
   4.3600000000000003E-005     0.0000000000000000     
   4.3680000000000002E-005     0.0000000000000000     
   4.3760000000000001E-005     0.0000000000000000     
   4.3840000000000000E-005     0.0000000000000000     
   4.3920000000000000E-005     0.0000000000000000     
   4.3999999999999999E-005     0.0000000000000000     
   4.4079999999999998E-005     0.0000000000000000     
   4.4160000000000004E-005     0.0000000000000000     
   4.4240000000000003E-005     0.0000000000000000     
   4.4320000000000003E-005     0.0000000000000000     
   4.4400000000000002E-005     0.0000000000000000     
   4.4480000000000001E-005     0.0000000000000000     
   4.4560000000000000E-005     0.0000000000000000     
   4.4640000000000000E-005     0.0000000000000000     
   4.4719999999999999E-005     0.0000000000000000     
   4.4799999999999998E-005     0.0000000000000000     
   4.4880000000000004E-005     0.0000000000000000     
   4.4960000000000003E-005     0.0000000000000000     
   4.5040000000000002E-005     0.0000000000000000     
   4.5120000000000002E-005     0.0000000000000000     
   4.5200000000000001E-005     0.0000000000000000     
   4.5280000000000000E-005     0.0000000000000000     
   4.5359999999999999E-005     0.0000000000000000     
   4.5439999999999999E-005     0.0000000000000000     
   4.5519999999999998E-005     0.0000000000000000     
   4.5600000000000004E-005     0.0000000000000000     
   4.5680000000000003E-005     0.0000000000000000     
   4.5760000000000002E-005     0.0000000000000000     
   4.5840000000000002E-005     0.0000000000000000     
   4.5920000000000001E-005     0.0000000000000000     
   4.6000000000000000E-005     0.0000000000000000     
   4.6079999999999999E-005     0.0000000000000000     
   4.6159999999999999E-005     0.0000000000000000     
   4.6239999999999998E-005     0.0000000000000000     
   4.6320000000000004E-005     0.0000000000000000     
   4.6400000000000003E-005     0.0000000000000000     
   4.6480000000000002E-005     0.0000000000000000     
   4.6560000000000001E-005     0.0000000000000000     
   4.6640000000000001E-005     0.0000000000000000     
   4.6720000000000000E-005     0.0000000000000000     
   4.6799999999999999E-005     0.0000000000000000     
   4.6879999999999998E-005     0.0000000000000000     
   4.6959999999999998E-005     0.0000000000000000     
   4.7040000000000004E-005     0.0000000000000000     
   4.7120000000000003E-005     0.0000000000000000     
   4.7200000000000002E-005     0.0000000000000000     
   4.7280000000000001E-005     0.0000000000000000     
   4.7360000000000001E-005     0.0000000000000000     
   4.7440000000000000E-005     0.0000000000000000     
   4.7519999999999999E-005     0.0000000000000000     
   4.7599999999999998E-005     0.0000000000000000     
   4.7680000000000004E-005     0.0000000000000000     
   4.7760000000000004E-005     0.0000000000000000     
   4.7840000000000003E-005     0.0000000000000000     
   4.7920000000000002E-005     0.0000000000000000     
   4.8000000000000001E-005     0.0000000000000000     
   4.8080000000000000E-005     0.0000000000000000     
   4.8160000000000000E-005     0.0000000000000000     
   4.8239999999999999E-005     0.0000000000000000     
   4.8319999999999998E-005     0.0000000000000000     
   4.8400000000000004E-005     0.0000000000000000     
   4.8480000000000003E-005     0.0000000000000000     
   4.8560000000000003E-005     0.0000000000000000     
   4.8640000000000002E-005     0.0000000000000000     
   4.8720000000000001E-005     0.0000000000000000     
   4.8800000000000000E-005     0.0000000000000000     
   4.8880000000000000E-005     0.0000000000000000     
   4.8959999999999999E-005     0.0000000000000000     
   4.9039999999999998E-005     0.0000000000000000     
   4.9119999999999997E-005     0.0000000000000000     
   4.9199999999999997E-005     0.0000000000000000     
   4.9279999999999996E-005     0.0000000000000000     
   4.9359999999999995E-005     0.0000000000000000     
   4.9440000000000008E-005     0.0000000000000000     
   4.9520000000000007E-005     0.0000000000000000     
   4.9600000000000006E-005     0.0000000000000000     
   4.9680000000000005E-005     0.0000000000000000     
   4.9760000000000005E-005     0.0000000000000000     
   4.9840000000000004E-005     0.0000000000000000     
   4.9920000000000003E-005     0.0000000000000000     
   5.0000000000000002E-005     0.0000000000000000     
   5.0080000000000002E-005     0.0000000000000000     
   5.0160000000000001E-005     0.0000000000000000     
   5.0240000000000000E-005     0.0000000000000000     
   5.0319999999999999E-005     0.0000000000000000     
   5.0399999999999999E-005     0.0000000000000000     
   5.0479999999999998E-005     0.0000000000000000     
   5.0559999999999997E-005     0.0000000000000000     
   5.0639999999999996E-005     0.0000000000000000     
   5.0719999999999996E-005     0.0000000000000000     
   5.0799999999999995E-005     0.0000000000000000     
   5.0880000000000008E-005     0.0000000000000000     
   5.0960000000000007E-005     0.0000000000000000     
   5.1040000000000006E-005     0.0000000000000000     
   5.1120000000000005E-005     0.0000000000000000     
   5.1200000000000004E-005     0.0000000000000000     
   5.1280000000000004E-005     0.0000000000000000     
   5.1360000000000003E-005     0.0000000000000000     
   5.1440000000000002E-005     0.0000000000000000     
   5.1520000000000001E-005     0.0000000000000000     
   5.1600000000000001E-005     0.0000000000000000     
   5.1680000000000000E-005     0.0000000000000000     
   5.1759999999999999E-005     0.0000000000000000     
   5.1839999999999998E-005     0.0000000000000000     
   5.1919999999999998E-005     0.0000000000000000     
   5.1999999999999997E-005     0.0000000000000000     
   5.2079999999999996E-005     0.0000000000000000     
   5.2159999999999995E-005     0.0000000000000000     
   5.2239999999999995E-005     0.0000000000000000     
   5.2320000000000007E-005     0.0000000000000000     
   5.2400000000000007E-005     0.0000000000000000     
   5.2480000000000006E-005     0.0000000000000000     
   5.2560000000000005E-005     0.0000000000000000     
   5.2640000000000004E-005     0.0000000000000000     
   5.2720000000000003E-005     0.0000000000000000     
   5.2800000000000003E-005     0.0000000000000000     
   5.2880000000000002E-005     0.0000000000000000     
   5.2960000000000001E-005     0.0000000000000000     
   5.3040000000000000E-005     0.0000000000000000     
   5.3120000000000000E-005     0.0000000000000000     
   5.3199999999999999E-005     0.0000000000000000     
   5.3279999999999998E-005     0.0000000000000000     
   5.3359999999999997E-005     0.0000000000000000     
   5.3439999999999997E-005     0.0000000000000000     
   5.3519999999999996E-005     0.0000000000000000     
   5.3599999999999995E-005     0.0000000000000000     
   5.3680000000000008E-005     0.0000000000000000     
   5.3760000000000007E-005     0.0000000000000000     
   5.3840000000000006E-005     0.0000000000000000     
   5.3920000000000006E-005     0.0000000000000000     
   5.4000000000000005E-005     0.0000000000000000     
   5.4080000000000004E-005     0.0000000000000000     
   5.4160000000000003E-005     0.0000000000000000     
   5.4240000000000002E-005     0.0000000000000000     
   5.4320000000000002E-005     0.0000000000000000     
   5.4400000000000001E-005     0.0000000000000000     
   5.4480000000000000E-005     0.0000000000000000     
   5.4559999999999999E-005     0.0000000000000000     
   5.4639999999999999E-005     0.0000000000000000     
   5.4719999999999998E-005     0.0000000000000000     
   5.4799999999999997E-005     0.0000000000000000     
   5.4879999999999996E-005     0.0000000000000000     
   5.4959999999999996E-005     0.0000000000000000     
   5.5039999999999995E-005     0.0000000000000000     
   5.5120000000000008E-005     0.0000000000000000     
   5.5200000000000007E-005     0.0000000000000000     
   5.5280000000000006E-005     0.0000000000000000     
   5.5360000000000005E-005     0.0000000000000000     
   5.5440000000000005E-005     0.0000000000000000     
   5.5520000000000004E-005     0.0000000000000000     
   5.5600000000000003E-005     0.0000000000000000     
   5.5680000000000002E-005     0.0000000000000000     
   5.5760000000000001E-005     0.0000000000000000     
   5.5840000000000001E-005     0.0000000000000000     
   5.5920000000000000E-005     0.0000000000000000     
   5.5999999999999999E-005     0.0000000000000000     
   5.6079999999999998E-005     0.0000000000000000     
   5.6159999999999998E-005     0.0000000000000000     
   5.6239999999999997E-005     0.0000000000000000     
   5.6319999999999996E-005     0.0000000000000000     
   5.6399999999999995E-005     0.0000000000000000     
   5.6479999999999995E-005     0.0000000000000000     
   5.6560000000000007E-005     0.0000000000000000     
   5.6640000000000007E-005     0.0000000000000000     
   5.6720000000000006E-005     0.0000000000000000     
   5.6800000000000005E-005     0.0000000000000000     
   5.6880000000000004E-005     0.0000000000000000     
   5.6960000000000004E-005     0.0000000000000000     
   5.7040000000000003E-005     0.0000000000000000     
   5.7120000000000002E-005     0.0000000000000000     
   5.7200000000000001E-005     0.0000000000000000     
   5.7280000000000000E-005     0.0000000000000000     
   5.7360000000000000E-005     0.0000000000000000     
   5.7439999999999999E-005     0.0000000000000000     
   5.7519999999999998E-005     0.0000000000000000     
   5.7599999999999997E-005     0.0000000000000000     
   5.7679999999999997E-005     0.0000000000000000     
   5.7759999999999996E-005     0.0000000000000000     
   5.7839999999999995E-005     0.0000000000000000     
   5.7920000000000008E-005     0.0000000000000000     
   5.8000000000000007E-005     0.0000000000000000     
   5.8080000000000006E-005     0.0000000000000000     
   5.8160000000000006E-005     0.0000000000000000     
   5.8240000000000005E-005     0.0000000000000000     
   5.8320000000000004E-005     0.0000000000000000     
   5.8400000000000003E-005     0.0000000000000000     
   5.8480000000000003E-005     0.0000000000000000     
   5.8560000000000002E-005     0.0000000000000000     
   5.8640000000000001E-005     0.0000000000000000     
   5.8720000000000000E-005     0.0000000000000000     
   5.8799999999999999E-005     0.0000000000000000     
   5.8879999999999999E-005     0.0000000000000000     
   5.8959999999999998E-005     0.0000000000000000     
   5.9039999999999997E-005     0.0000000000000000     
   5.9119999999999996E-005     0.0000000000000000     
   5.9199999999999996E-005     0.0000000000000000     
   5.9279999999999995E-005     0.0000000000000000     
   5.9360000000000008E-005     0.0000000000000000     
   5.9440000000000007E-005     0.0000000000000000     
   5.9520000000000006E-005     0.0000000000000000     
   5.9600000000000005E-005     0.0000000000000000     
   5.9680000000000005E-005     0.0000000000000000     
   5.9760000000000004E-005     0.0000000000000000     
   5.9840000000000003E-005     0.0000000000000000     
   5.9920000000000002E-005     0.0000000000000000     
