   13.8649998         2.43750000    
   13.9950008         0.00000000    
   14.1250000         0.00000000    
   14.2549992         1.75000000    
   14.3850002         0.00000000    
   14.5149994         0.00000000    
   14.6450005         0.00000000    
   14.7749996         69.7500000    
   14.9050007         0.00000000    
   15.0349998         0.00000000    
   15.1650000         0.00000000    
   15.2950001         0.00000000    
   15.4249992         19.2500000    
   15.5550003         0.00000000    
   15.6849995         0.00000000    
   15.8150005         4.87500000    
   15.9449997         0.00000000    
   16.0750008         0.00000000    
   16.2049999        0.562500000    
   16.3349991         1.37500000    
